AIRFLOW_UID=501
PY_OWM_KEY=fdcc86acf4e1025e275556082759b630
HOME_LAT=34.09780533236823
HOME_LON=-117.88598096825787


